//$zero 0 00000
//$sp 1 00001
//$ra 31 11111 (旧 2 00010)
//$a0 3 00011
//$v0 4 00100
//$s0 5 00101
//$s1 6 00110
//$t0 7 00111


00000000
10101010
//main 0
001000 00001 00001 1111 1111 1111 1100
101011 00001 11111 0000 0000 0000 0000
001000 00000 00011 0000 0000 0000 0001
000011 00000 00000 0000 0000 0000 1001
000000 00000 00100 0001 1000 0010 0101
111111 00011 00000 0000 0000 0000 0000
100011 00001 11111 0000 0000 0000 0000
001000 00001 00001 0000 0000 0000 0100
000000 11111 00000 0000 0000 0000 1000
//fib 9 36 1001 100100
001000 00001 00001 1111 1111 1111 0100
101011 00001 00101 0000 0000 0000 0000
101011 00001 00110 0000 0000 0000 0100
101011 00001 11111 0000 0000 0000 1000
001010 00011 00111 0000 0000 0000 0010
000100 00111 00000 0000 0000 0000 0011
001000 00000 00100 0000 0000 0000 0001
000010 00000 00000 0000 0000 0001 1000
//tag 17 68 10001 1000100
001000 00011 00101 0000 0000 0000 0000
001000 00011 00011 1111 1111 1111 1111
000011 00000 00000 0000 0000 0000 1001
001000 00100 00110 0000 0000 0000 0000
001000 00101 00011 1111 1111 1111 1110
000011 00000 00000 0000 0000 0000 1001
000000 00110 00100 0010 0000 0010 0000
//tag17 24 96 11000 1100000
100011 00001 00101 0000 0000 0000 0000
100011 00001 00110 0000 0000 0000 0100
100011 00001 11111 0000 0000 0000 1000
001000 00001 00001 0000 0000 0000 1100
000000 11111 00000 0000 0000 0000 1000
//EOF 29 116 11101 1110100
000000 00000 00000 0000 0000 0000 0000
