00000000
10101010
00100000 00100001 11111111 11111100
10101100 00111111 00000000 00000000
00100000 00000011 00000000 00000110
00001100 00000000 00000000 00001001
00000000 00000100 00011000 00100101
11111100 01100000 00000000 00000000
10001100 00111111 00000000 00000000
00100000 00100001 00000000 00000100
00000011 11100000 00000000 00001000
00100000 00100001 11111111 11110100
10101100 00100101 00000000 00000000
10101100 00100110 00000000 00000100
10101100 00111111 00000000 00001000
00101000 01100111 00000000 00000010
00010000 11100000 00000000 00000011
00100000 00000100 00000000 00000001
00001000 00000000 00000000 00011000
00100000 01100101 00000000 00000000
00100000 01100011 11111111 11111111
00001100 00000000 00000000 00001001
00100000 10000110 00000000 00000000
00100000 10100011 11111111 11111110
00001100 00000000 00000000 00001001
00000000 11000100 00100000 00100000
10001100 00100101 00000000 00000000
10001100 00100110 00000000 00000100
10001100 00111111 00000000 00001000
00100000 00100001 00000000 00001100
00000011 11100000 00000000 00001000
00000000 00000000 00000000 00000000
