00000000
10101010
00100011 10111101 11111111 11111100
10101111 10111111 00000000 00000000
00100000 00000100 00000000 00000110
00001100 00000000 00000000 00001001
00000000 00000010 00100000 00100101
11111100 00000000 00000000 00000000
10001111 10111111 00000000 00000000
00100011 10111101 00000000 00000100
00000011 11100000 00000000 00001000
00100011 10111101 11111111 11110100
10101111 10110000 00000000 00000000
10101111 10110001 00000000 00000100
10101111 10111111 00000000 00001000
00101000 10001000 00000000 00000010
00010001 00000000 00000000 00010001
00100000 00000010 00000000 00000001
00001000 00000000 00000000 00011000
00100000 10010000 00000000 00000000
00100000 10000100 11111111 11111111
00001100 00000000 00000000 00001001
00100000 01010001 00000000 00000000
00100010 00000100 11111111 11111110
00001100 00000000 00000000 00001001
00000010 00100010 00010000 00100000
10001111 10110000 00000000 00000000
10001111 10110001 00000000 00000100
10001111 10111111 00000000 00001000
00100011 10111101 00000000 00001100
00000011 11100000 00000000 00001000
00000000 00000000 00000000 00000000
