00000000
10101010
00110100 00000010 00000000 00000000
10101111 10111111 00000000 00000100
00100011 10111101 00000000 00001000
00001100 00000000 00000000 01011110
00100011 10111101 11111111 11111000
10001111 10111111 00000000 00000100
00000000 00000000 00000000 00111111
01000110 00000010 00010000 10000000
00000011 11100000 00000000 00001000
00110100 00000001 00000000 00000000
00010100 01000001 00000000 00001101
00110100 00000010 00000000 00000001
00001000 00000000 00000000 01110011
01000110 00000101 00100001 00000001
01000110 00000110 00100001 00000000
11000111 10100110 00000000 00000000
10101111 10100010 00000000 00000100
11000111 10100100 00000000 00001000
11000111 10100111 00000000 00001100
11000111 10100011 00000000 00010000
10101111 10111111 00000000 00010100
00100011 10111101 00000000 00011000
00001100 00000000 00000000 00000111
00100011 10111101 11111111 11101000
10001111 10111111 00000000 00010100
11000111 10100011 00000000 00010000
01000110 00000011 00010000 10000010
11000111 10100111 00000000 00001100
01000110 00000111 00010000 11000000
11000111 10100010 00000000 00001000
01000110 00000010 00010001 00000010
01000110 00000011 00011001 01000010
01000110 00000101 00100001 10000000
01111100 00001000 01000000 10000000
01000110 00001000 00110000 01110110
00011000 00100000 00000000 00101000
10001111 10100010 00000000 00000100
00100000 01000010 11111111 11111111
11000111 10100110 00000000 00000000
00001000 00000000 00000000 00001001
00110100 00000010 00000000 00000000
00001000 00000000 00000000 01110011
00101000 01000001 00000000 00001010
00011100 00100000 00000000 00101101
00000011 11100000 00000000 00001000
10101111 10100010 00000000 00000000
10101111 10100011 00000000 00000100
10101111 10111111 00000000 00001100
00100011 10111101 00000000 00010000
00001100 00000000 00000000 10001101
00100011 10111101 11111111 11110000
10001111 10111111 00000000 00001100
10101111 10111111 00000000 00001100
00100011 10111101 00000000 00010000
00001100 00000000 00000000 00000111
00100011 10111101 11111111 11110000
10001111 10111111 00000000 00001100
01111100 00000011 01000011 11001000
01000110 00000000 00011000 01000011
01000110 00000001 00010000 10000010
01111100 00000011 00111111 11000000
01000110 00000011 00010000 10000001
10001111 10100010 00000000 00000100
11000111 10100010 00000000 00001000
10101111 10111111 00000000 00001100
00100011 10111101 00000000 00010000
00001100 00000000 00000000 10001101
00100011 10111101 11111111 11110000
10001111 10111111 00000000 00001100
10101111 10111111 00000000 00001100
00100011 10111101 00000000 00010000
00001100 00000000 00000000 00000111
00100011 10111101 11111111 11110000
10001111 10111111 00000000 00001100
01111100 00000011 01000011 11001000
01000110 00000000 00011000 01000011
01000110 00000001 00010000 10000010
01111100 00000011 00111111 10000000
01000110 00000011 00010001 11000001
00110100 00000010 00000011 11101000
01111100 00000010 00000000 00000000
01111100 00000011 00000000 00000000
01111100 00000100 00000000 00000000
01111100 00000101 00000000 00000000
11000111 10100110 00000000 00001000
10101111 10111111 00000000 00001100
00100011 10111101 00000000 00010000
00001100 00000000 00000000 00001001
00100011 10111101 11111111 11110000
10001111 10111111 00000000 00001100
10001111 10100010 00000000 00000000
00100000 01000010 00000000 00000001
10001111 10100011 00000000 00000100
00001000 00000000 00000000 00101010
00101000 01000001 00000000 00001010
00011100 00100000 00000000 01100001
00000011 11100000 00000000 00001000
00110100 00000011 00000000 00000000
10101111 10100010 00000000 00000000
00000000 00000011 11011000 00100101
00000000 00000010 00011000 00100101
00000000 00011011 00010000 00100101
10101111 10111111 00000000 00000100
00100011 10111101 00000000 00001000
00001100 00000000 00000000 00101010
00100011 10111101 11111111 11111000
10001111 10111111 00000000 00000100
10101111 10111111 00000000 00000100
00100011 10111101 00000000 00001000
00001100 00000000 00000000 10001010
00100011 10111101 11111111 11111000
10001111 10111111 00000000 00000100
10001111 10100010 00000000 00000000
00100000 01000010 00000000 00000001
00001000 00000000 00000000 01011110
00101000 01000001 00000000 00000000
00011000 00100000 00000000 01111000
00110100 00000011 00000000 00101101
11111100 01111111 00000111 11111111
00000000 00000010 00010000 00100010
00000000 00000010 00011000 00100101
00110100 00000100 00000000 00000001
00110100 00000101 00000000 00001010
00000000 01100101 00011000 00011010
00000000 10000101 00100000 00011000
00101000 01100001 00000000 00000001
00011000 00100000 00000000 01111011
00110100 00000101 00000000 00001010
00000000 10000101 00100000 00011010
00000000 01000100 00011000 00011010
00100000 01100101 00000000 00110000
11111100 10111111 00000111 11111111
00101000 10000001 00000000 00000010
00011100 00100000 00000000 10001001
00000000 01100100 00011000 00011000
00000000 01000011 00010000 00100010
00001000 00000000 00000000 01111111
00000011 11100000 00000000 00001000
00110100 00000010 00000000 00001010
11111100 01011111 00000111 11111111
00000011 11100000 00000000 00001000
01000110 00000000 00010000 01001001
00000011 11100000 00000000 00001000
00000000 00000000 00000000 00000000
